{
  "exact": {
    "protectedBasis": [
      [
        1,
        0
      ]
    ],
    "disturbanceBasis": [
      [
        6.123233995736766e-17,
        1
      ]
    ],
    "s": [
      1.4,
      0
    ],
    "d": [
      5.5109105961630896e-17,
      0.9
    ],
    "x": [
      1.4,
      0.9
    ],
    "recovered": [
      1.4,
      0
    ],
    "overlap": 6.123233995736766e-17,
    "exactError": 0,
    "admissible": true,
    "theoremStatus": "PROVED"
  },
  "qec": {
    "logical": [
      0.7071067811865475,
      0,
      0,
      0,
      0,
      0,
      0,
      0.7071067811865475
    ],
    "disturbed": [
      0,
      0,
      0.7071067811865475,
      0,
      0,
      0.7071067811865475,
      0,
      0
    ],
    "recovered": [
      0.7071067811865475,
      0,
      0,
      0,
      0,
      0,
      0,
      0.7071067811865475
    ],
    "sectorOverlap": [
      [
        1,
        0,
        0,
        0
      ],
      [
        0,
        1,
        0,
        0
      ],
      [
        0,
        0,
        1,
        0
      ],
      [
        0,
        0,
        0,
        1
      ]
    ],
    "recoveryError": 0,
    "sectorLabels": [
      "I",
      "X₁",
      "X₂",
      "X₃"
    ],
    "selectedLabel": "X₂",
    "exact": true
  },
  "mhd": {
    "beforeDiv": [
      [
        -34.47511120802385,
        -31.06100191590325,
        -21.494880256148598,
        -7.671433944257271,
        7.671433944257268,
        21.494880256148598,
        31.06100191590325,
        34.47511120802385,
        31.061001915903244,
        21.494880256148594,
        7.6714339442572825,
        -7.671433944257266,
        -21.49488025614859,
        -31.061001915903248
      ],
      [
        -21.494880256148605,
        -19.36621793008026,
        -13.401838631883296,
        -4.783060829877333,
        4.78306082987733,
        13.401838631883292,
        19.36621793008026,
        21.494880256148605,
        19.36621793008026,
        13.401838631883297,
        4.783060829877336,
        -4.7830608298773285,
        -13.40183863188329,
        -19.36621793008026
      ],
      [
        7.67143394425727,
        6.9117231559456584,
        4.783060829877332,
        1.7070546460603016,
        -1.7070546460603024,
        -4.783060829877327,
        -6.9117231559456584,
        -7.671433944257263,
        -6.9117231559456584,
        -4.783060829877332,
        -1.7070546460603024,
        1.7070546460603016,
        4.7830608298773285,
        6.911723155945655
      ],
      [
        31.061001915903248,
        27.984995732086215,
        19.366217930080257,
        6.911723155945662,
        -6.9117231559456584,
        -19.366217930080257,
        -27.984995732086215,
        -31.06100191590325,
        -27.98499573208621,
        -19.36621793008026,
        -6.911723155945666,
        6.9117231559456584,
        19.366217930080253,
        27.98499573208621
      ],
      [
        31.061001915903237,
        27.984995732086222,
        19.36621793008026,
        6.9117231559456656,
        -6.911723155945659,
        -19.366217930080257,
        -27.98499573208622,
        -31.061001915903248,
        -27.984995732086226,
        -19.366217930080268,
        -6.911723155945667,
        6.911723155945659,
        19.36621793008025,
        27.98499573208622
      ],
      [
        7.671433944257274,
        6.9117231559456656,
        4.783060829877334,
        1.7070546460603038,
        -1.7070546460603029,
        -4.78306082987733,
        -6.9117231559456656,
        -7.671433944257277,
        -6.9117231559456656,
        -4.783060829877334,
        -1.707054646060306,
        1.7070546460603029,
        4.783060829877334,
        6.911723155945664
      ],
      [
        -21.494880256148587,
        -19.366217930080257,
        -13.401838631883287,
        -4.783060829877329,
        4.783060829877327,
        13.401838631883287,
        19.366217930080253,
        21.494880256148587,
        19.36621793008026,
        13.401838631883297,
        4.78306082987733,
        -4.783060829877327,
        -13.401838631883283,
        -19.366217930080257
      ],
      [
        -34.47511120802383,
        -31.061001915903248,
        -21.4948802561486,
        -7.671433944257265,
        7.671433944257263,
        21.494880256148594,
        31.06100191590325,
        34.47511120802385,
        31.06100191590324,
        21.494880256148605,
        7.671433944257275,
        -7.671433944257263,
        -21.49488025614858,
        -31.061001915903248
      ],
      [
        -21.494880256148594,
        -19.36621793008026,
        -13.401838631883297,
        -4.783060829877329,
        4.7830608298773285,
        13.40183863188329,
        19.366217930080257,
        21.494880256148605,
        19.366217930080268,
        13.401838631883294,
        4.7830608298773365,
        -4.783060829877327,
        -13.401838631883294,
        -19.36621793008026
      ],
      [
        7.671433944257249,
        6.911723155945655,
        4.783060829877325,
        1.7070546460602976,
        -1.7070546460602976,
        -4.783060829877321,
        -6.9117231559456584,
        -7.671433944257256,
        -6.911723155945655,
        -4.783060829877321,
        -1.7070546460602998,
        1.7070546460602962,
        4.783060829877316,
        6.911723155945655
      ],
      [
        31.06100191590324,
        27.98499573208621,
        19.366217930080257,
        6.911723155945661,
        -6.9117231559456584,
        -19.366217930080246,
        -27.984995732086205,
        -31.061001915903248,
        -27.984995732086222,
        -19.366217930080253,
        -6.9117231559456656,
        6.911723155945651,
        19.366217930080246,
        27.98499573208621
      ],
      [
        31.061001915903255,
        27.984995732086222,
        19.366217930080264,
        6.911723155945662,
        -6.91172315594566,
        -19.36621793008026,
        -27.984995732086222,
        -31.061001915903255,
        -27.98499573208622,
        -19.366217930080264,
        -6.911723155945668,
        6.911723155945657,
        19.366217930080253,
        27.984995732086222
      ],
      [
        7.671433944257288,
        6.911723155945673,
        4.783060829877336,
        1.7070546460603007,
        -1.7070546460603024,
        -4.783060829877341,
        -6.91172315594568,
        -7.671433944257281,
        -6.911723155945669,
        -4.783060829877334,
        -1.707054646060305,
        1.7070546460603024,
        4.783060829877334,
        6.911723155945673
      ],
      [
        -21.494880256148587,
        -19.366217930080246,
        -13.401838631883283,
        -4.783060829877321,
        4.7830608298773205,
        13.40183863188328,
        19.366217930080246,
        21.49488025614858,
        19.36621793008024,
        13.401838631883283,
        4.783060829877332,
        -4.78306082987732,
        -13.401838631883278,
        -19.366217930080246
      ]
    ],
    "afterExactDiv": [
      [
        1.4210854715202004e-14,
        1.2789769243681803e-13,
        2.3803181647963356e-13,
        -1.1546319456101628e-13,
        -2.2026824808563106e-13,
        5.684341886080802e-14,
        1.3500311979441904e-13,
        -2.5579538487363607e-13,
        -4.973799150320701e-14,
        1.0658141036401503e-13,
        -1.3500311979441904e-13,
        2.842170943040401e-14,
        -4.618527782440651e-14,
        1.4210854715202004e-13
      ],
      [
        -1.0658141036401503e-13,
        -1.0658141036401503e-14,
        1.8829382497642655e-13,
        7.194245199571014e-14,
        -4.529709940470639e-14,
        -1.3145040611561853e-13,
        0,
        -7.815970093361102e-14,
        -2.8066438062523957e-13,
        -1.5631940186722204e-13,
        -2.842170943040401e-14,
        -5.861977570020827e-14,
        3.623767952376511e-13,
        4.156675004196586e-13
      ],
      [
        -2.3447910280083306e-13,
        -2.1671553440683056e-13,
        -2.4868995751603507e-14,
        -1.3500311979441904e-13,
        7.37188088351104e-14,
        3.730349362740526e-14,
        -3.552713678800501e-14,
        2.2737367544323206e-13,
        1.7408297026122455e-13,
        8.704148513061227e-14,
        8.43769498715119e-14,
        8.881784197001252e-14,
        -1.5987211554602254e-14,
        4.618527782440651e-14
      ],
      [
        1.5987211554602254e-14,
        3.375077994860476e-14,
        1.341149413747189e-13,
        -2.7977620220553945e-14,
        2.7977620220553945e-14,
        3.6415315207705135e-14,
        1.4210854715202004e-14,
        -2.1316282072803006e-14,
        1.9184653865522705e-13,
        -2.3092638912203256e-14,
        -1.3988810110276972e-14,
        -2.9531932455029164e-14,
        -2.566835632933362e-13,
        -2.3803181647963356e-13
      ],
      [
        2.2737367544323206e-13,
        6.838973831690964e-14,
        -5.240252676230739e-14,
        4.6629367034256575e-14,
        9.015010959956271e-14,
        -3.9968028886505635e-14,
        -6.394884621840902e-14,
        8.704148513061227e-14,
        6.217248937900877e-15,
        -8.881784197001252e-16,
        -5.750955267558311e-14,
        -2.4713564528155985e-13,
        -3.0020430585864233e-13,
        -5.240252676230739e-14
      ],
      [
        3.197442310920451e-14,
        1.1013412404281553e-13,
        4.440892098500626e-14,
        8.881784197001252e-16,
        -1.509903313490213e-14,
        -4.973799150320701e-14,
        1.0658141036401503e-14,
        -5.3290705182007514e-14,
        -3.907985046680551e-14,
        1.7763568394002505e-14,
        -4.3520742565306136e-14,
        -1.1546319456101628e-14,
        1.3677947663381929e-13,
        -7.460698725481052e-14
      ],
      [
        -7.105427357601002e-14,
        7.460698725481052e-14,
        1.8474111129762605e-13,
        -1.4210854715202004e-14,
        1.7763568394002505e-15,
        -3.552713678800501e-15,
        -7.460698725481052e-14,
        -7.105427357601002e-14,
        7.105427357601002e-15,
        7.460698725481052e-14,
        -2.4868995751603507e-14,
        -3.552713678800501e-15,
        6.750155989720952e-14,
        7.460698725481052e-14
      ],
      [
        1.8474111129762605e-13,
        2.7000623958883807e-13,
        -7.105427357601002e-14,
        4.973799150320701e-14,
        -1.4210854715202004e-14,
        2.4868995751603507e-14,
        -1.2079226507921703e-13,
        -8.526512829121202e-14,
        2.842170943040401e-14,
        -1.7408297026122455e-13,
        -1.1191048088221578e-13,
        1.1368683772161603e-13,
        0,
        -1.2789769243681803e-13
      ],
      [
        1.0658141036401503e-13,
        2.3447910280083306e-13,
        -1.4210854715202004e-13,
        -1.2434497875801753e-13,
        -3.730349362740526e-14,
        5.684341886080802e-14,
        -1.1368683772161603e-13,
        -2.2737367544323206e-13,
        3.552713678800501e-14,
        -1.4210854715202004e-14,
        -4.796163466380676e-14,
        1.2523315717771766e-13,
        9.947598300641403e-14,
        -4.973799150320701e-14
      ],
      [
        -5.3290705182007514e-14,
        4.973799150320701e-14,
        4.263256414560601e-14,
        1.7763568394002505e-14,
        -1.9895196601282805e-13,
        -9.769962616701378e-14,
        -5.684341886080802e-14,
        1.9184653865522705e-13,
        -3.552713678800501e-15,
        -2.6645352591003757e-14,
        1.056932319443149e-13,
        -1.0125233984581428e-13,
        6.394884621840902e-14,
        5.3290705182007514e-14
      ],
      [
        1.0658141036401503e-14,
        -6.838973831690964e-14,
        -1.3944401189291966e-13,
        -7.460698725481052e-14,
        9.792167077193881e-14,
        -1.4210854715202004e-14,
        3.8191672047105385e-14,
        8.881784197001252e-15,
        2.930988785010413e-14,
        8.881784197001252e-16,
        1.1035616864774056e-13,
        3.730349362740526e-14,
        1.5987211554602254e-14,
        -7.460698725481052e-14
      ],
      [
        -5.329070518200751e-15,
        -1.7763568394002505e-14,
        -1.5720758028692217e-13,
        -6.061817714453355e-14,
        2.191580250610059e-13,
        -1.9539925233402755e-14,
        2.6645352591003757e-14,
        -7.460698725481052e-14,
        3.907985046680551e-14,
        1.9184653865522705e-13,
        5.284661597215745e-14,
        -3.885780586188048e-14,
        -1.829647544582258e-13,
        -1.0125233984581428e-13
      ],
      [
        -5.3290705182007514e-14,
        -2.913225216616411e-13,
        -5.3290705182007514e-14,
        2.078337502098293e-13,
        3.730349362740526e-14,
        -4.440892098500626e-14,
        1.0658141036401503e-13,
        1.9895196601282805e-13,
        -1.3855583347321954e-13,
        -6.217248937900877e-14,
        7.815970093361102e-14,
        3.375077994860476e-14,
        4.973799150320701e-14,
        -8.881784197001252e-14
      ],
      [
        -1.9184653865522705e-13,
        -3.694822225952521e-13,
        -1.1013412404281553e-13,
        1.6786572132332367e-13,
        -1.0746958878371515e-13,
        1.4210854715202004e-13,
        1.6342482922482304e-13,
        1.9184653865522705e-13,
        -4.618527782440651e-14,
        1.7763568394002505e-14,
        8.348877145181177e-14,
        3.907985046680551e-14,
        7.460698725481052e-14,
        3.552713678800501e-14
      ]
    ],
    "afterGlmDiv": [
      [
        21.07975006962622,
        18.99219855589704,
        13.14300919414283,
        4.69068567305891,
        -4.690685673058886,
        -13.143009194142827,
        -18.992198555897033,
        -21.07975006962624,
        -18.992198555897094,
        -13.143009194142863,
        -4.690685673058886,
        4.690685673058886,
        13.143009194142838,
        18.99219855589708
      ],
      [
        13.143009194142817,
        11.84144211447802,
        8.194532198283639,
        2.9245946808770453,
        -2.9245946808770418,
        -8.194532198283628,
        -11.841442114478014,
        -13.143009194142849,
        -11.841442114477989,
        -8.194532198283632,
        -2.9245946808770764,
        2.9245946808770515,
        8.194532198283628,
        11.841442114477967
      ],
      [
        -4.690685673058912,
        -4.226161760541952,
        -2.924594680877078,
        -1.0437757568645756,
        1.0437757568645472,
        2.924594680877078,
        4.226161760541956,
        4.690685673058912,
        4.226161760542013,
        2.924594680877089,
        1.0437757568645258,
        -1.0437757568645551,
        -2.9245946808770587,
        -4.2261617605419985
      ],
      [
        -18.992198555896977,
        -17.11137963188454,
        -11.841442114477994,
        -4.226161760541966,
        4.226161760541958,
        11.841442114477985,
        17.11137963188453,
        18.992198555897033,
        17.111379631884542,
        11.841442114477983,
        4.22616176054196,
        -4.226161760541964,
        -11.84144211447798,
        -17.111379631884507
      ],
      [
        -18.992198555897097,
        -17.111379631884528,
        -11.841442114477957,
        -4.226161760541975,
        4.226161760541978,
        11.84144211447797,
        17.111379631884567,
        18.99219855589709,
        17.1113796318845,
        11.84144211447798,
        4.22616176054201,
        -4.226161760541972,
        -11.841442114477987,
        -17.111379631884507
      ],
      [
        -4.690685673058972,
        -4.226161760541991,
        -2.9245946808770853,
        -1.043775756864572,
        1.043775756864581,
        2.924594680877096,
        4.226161760541949,
        4.690685673058923,
        4.226161760542034,
        2.924594680877089,
        1.043775756864549,
        -1.0437757568645623,
        -2.924594680877094,
        -4.226161760541974
      ],
      [
        13.143009194142873,
        11.841442114477939,
        8.194532198283653,
        2.9245946808771173,
        -2.9245946808770933,
        -8.194532198283643,
        -11.841442114477985,
        -13.143009194142891,
        -11.841442114477957,
        -8.19453219828363,
        -2.9245946808771244,
        2.9245946808770817,
        8.194532198283675,
        11.841442114477967
      ],
      [
        21.07975006962627,
        18.992198555897048,
        13.143009194142852,
        4.690685673058932,
        -4.690685673058946,
        -13.143009194142858,
        -18.99219855589698,
        -21.079750069626233,
        -18.992198555897136,
        -13.143009194142843,
        -4.690685673058898,
        4.6906856730589,
        13.143009194142856,
        18.99219855589704
      ],
      [
        13.143009194142902,
        11.84144211447802,
        8.194532198283621,
        2.9245946808770933,
        -2.924594680877071,
        -8.194532198283703,
        -11.841442114478031,
        -13.143009194142834,
        -11.841442114477985,
        -8.194532198283694,
        -2.9245946808770844,
        2.924594680877119,
        8.19453219828362,
        11.841442114477982
      ],
      [
        -4.690685673058979,
        -4.226161760541956,
        -2.924594680877055,
        -1.0437757568645862,
        1.0437757568645827,
        2.924594680877078,
        4.226161760541924,
        4.6906856730589155,
        4.226161760541991,
        2.924594680877073,
        1.0437757568645907,
        -1.0437757568645774,
        -2.924594680877087,
        -4.226161760541981
      ],
      [
        -18.992198555897094,
        -17.111379631884542,
        -11.841442114477964,
        -4.2261617605419834,
        4.226161760541941,
        11.841442114478038,
        17.111379631884603,
        18.992198555897005,
        17.111379631884486,
        11.841442114478031,
        4.226161760541997,
        -4.226161760541999,
        -11.841442114477974,
        -17.111379631884525
      ],
      [
        -18.992198555897005,
        -17.111379631884525,
        -11.841442114478006,
        -4.226161760542002,
        4.226161760541975,
        11.84144211447802,
        17.111379631884525,
        18.992198555897048,
        17.111379631884567,
        11.841442114478008,
        4.226161760541962,
        -4.226161760541991,
        -11.841442114477994,
        -17.111379631884496
      ],
      [
        -4.690685673058887,
        -4.226161760541991,
        -2.924594680877103,
        -1.0437757568645676,
        1.0437757568645933,
        2.924594680877073,
        4.226161760541913,
        4.6906856730589475,
        4.226161760542045,
        2.9245946808770924,
        1.043775756864548,
        -1.0437757568645676,
        -2.92459468087711,
        -4.226161760541977
      ],
      [
        13.143009194142838,
        11.841442114477942,
        8.19453219828366,
        2.924594680877142,
        -2.9245946808771173,
        -8.194532198283671,
        -11.841442114477935,
        -13.14300919414287,
        -11.84144211447801,
        -8.194532198283667,
        -2.9245946808770915,
        2.924594680877129,
        8.194532198283675,
        11.841442114477964
      ]
    ],
    "beforeNorm": 17.237555604011934,
    "afterExactNorm": 1.2105577744336847e-13,
    "afterGlmNorm": 10.539875034813102,
    "glmHistory": [
      17.237555604011934,
      17.237555604011934,
      10.484525531252766,
      2.6838831106275896,
      19.301316589201473,
      34.03643329488957,
      40.47325966672515,
      33.254042186266595,
      10.539875034813102
    ],
    "exactImprovementFactor": 17237555604011.934,
    "glmImprovementFactor": 1.6354610986445721
  },
  "gauge": {
    "beforeDiv": [
      [
        -28.206909170201335,
        -25.413547022102662,
        -17.58672020957612,
        -6.276627772574132,
        6.276627772574129,
        17.586720209576125,
        25.413547022102662,
        28.206909170201328,
        25.413547022102655,
        17.58672020957613,
        6.276627772574142,
        -6.276627772574125,
        -17.58672020957612,
        -25.413547022102662
      ],
      [
        -17.586720209576118,
        -15.845087397338396,
        -10.965140698813604,
        -3.9134134062632677,
        3.913413406263267,
        10.965140698813599,
        15.845087397338396,
        17.586720209576132,
        15.845087397338396,
        10.965140698813604,
        3.913413406263272,
        -3.913413406263266,
        -10.965140698813595,
        -15.845087397338396
      ],
      [
        6.276627772574123,
        5.6550462185009955,
        3.9134134062632686,
        1.3966810740493392,
        -1.3966810740493365,
        -3.9134134062632704,
        -5.655046218500999,
        -6.276627772574123,
        -5.6550462185009955,
        -3.913413406263272,
        -1.396681074049341,
        1.3966810740493365,
        3.913413406263267,
        5.655046218500999
      ],
      [
        25.413547022102648,
        22.896814689888718,
        15.845087397338393,
        5.6550462185009955,
        -5.6550462185009955,
        -15.845087397338391,
        -22.89681468988872,
        -25.413547022102655,
        -22.896814689888718,
        -15.845087397338395,
        -5.655046218501003,
        5.655046218500993,
        15.845087397338387,
        22.89681468988872
      ],
      [
        25.413547022102655,
        22.89681468988872,
        15.845087397338396,
        5.655046218500997,
        -5.655046218500993,
        -15.845087397338386,
        -22.89681468988872,
        -25.41354702210265,
        -22.89681468988872,
        -15.845087397338396,
        -5.655046218501001,
        5.655046218500992,
        15.84508739733839,
        22.896814689888714
      ],
      [
        6.27662777257413,
        5.655046218500999,
        3.913413406263272,
        1.39668107404934,
        -1.3966810740493374,
        -3.913413406263272,
        -5.655046218500999,
        -6.276627772574127,
        -5.655046218500999,
        -3.913413406263274,
        -1.39668107404934,
        1.3966810740493383,
        3.9134134062632686,
        5.655046218500999
      ],
      [
        -17.586720209576114,
        -15.84508739733839,
        -10.965140698813599,
        -3.913413406263267,
        3.913413406263264,
        10.965140698813595,
        15.845087397338386,
        17.586720209576107,
        15.84508739733839,
        10.965140698813602,
        3.913413406263266,
        -3.9134134062632624,
        -10.965140698813595,
        -15.845087397338382
      ],
      [
        -28.20690917020132,
        -25.41354702210266,
        -17.58672020957613,
        -6.276627772574126,
        6.276627772574125,
        17.58672020957612,
        25.41354702210266,
        28.206909170201335,
        25.413547022102648,
        17.586720209576132,
        6.276627772574137,
        -6.276627772574125,
        -17.586720209576107,
        -25.41354702210266
      ],
      [
        -17.58672020957612,
        -15.84508739733839,
        -10.965140698813602,
        -3.9134134062632686,
        3.9134134062632677,
        10.965140698813602,
        15.845087397338386,
        17.586720209576125,
        15.8450873973384,
        10.96514069881361,
        3.9134134062632704,
        -3.913413406263264,
        -10.965140698813606,
        -15.845087397338393
      ],
      [
        6.276627772574123,
        5.655046218500988,
        3.9134134062632686,
        1.3966810740493356,
        -1.396681074049332,
        -3.913413406263256,
        -5.655046218500992,
        -6.276627772574123,
        -5.655046218500988,
        -3.9134134062632615,
        -1.3966810740493347,
        1.396681074049332,
        3.913413406263256,
        5.655046218500985
      ],
      [
        25.413547022102648,
        22.89681468988872,
        15.845087397338391,
        5.6550462185009955,
        -5.655046218500992,
        -15.845087397338387,
        -22.896814689888714,
        -25.413547022102655,
        -22.89681468988873,
        -15.8450873973384,
        -5.655046218500997,
        5.655046218500992,
        15.84508739733839,
        22.896814689888718
      ],
      [
        25.413547022102662,
        22.896814689888725,
        15.845087397338393,
        5.6550462185009955,
        -5.6550462185009955,
        -15.845087397338395,
        -22.89681468988873,
        -25.413547022102655,
        -22.896814689888725,
        -15.8450873973384,
        -5.655046218501,
        5.655046218500991,
        15.845087397338393,
        22.89681468988873
      ],
      [
        6.276627772574145,
        5.655046218500999,
        3.913413406263274,
        1.3966810740493383,
        -1.396681074049341,
        -3.9134134062632775,
        -5.655046218500999,
        -6.2766277725741375,
        -5.6550462185009955,
        -3.913413406263274,
        -1.3966810740493436,
        1.39668107404934,
        3.913413406263272,
        5.655046218501003
      ],
      [
        -17.586720209576118,
        -15.84508739733839,
        -10.965140698813592,
        -3.9134134062632606,
        3.913413406263258,
        10.965140698813586,
        15.845087397338386,
        17.586720209576114,
        15.84508739733839,
        10.96514069881359,
        3.9134134062632704,
        -3.913413406263257,
        -10.965140698813595,
        -15.84508739733839
      ]
    ],
    "afterExactDiv": [
      [
        7.105427357601002e-15,
        1.1368683772161603e-13,
        2.1316282072803006e-13,
        -1.2079226507921703e-13,
        -2.2026824808563106e-13,
        5.684341886080802e-14,
        1.3500311979441904e-13,
        -2.2026824808563106e-13,
        -4.263256414560601e-14,
        1.1013412404281553e-13,
        -1.1191048088221578e-13,
        2.1316282072803006e-14,
        -4.263256414560601e-14,
        1.2079226507921703e-13
      ],
      [
        -1.2079226507921703e-13,
        -4.973799150320701e-14,
        1.5276668818842154e-13,
        3.730349362740526e-14,
        -5.950795411990839e-14,
        -1.2789769243681803e-13,
        2.4868995751603507e-14,
        -5.684341886080802e-14,
        -2.4513724383723456e-13,
        -1.2789769243681803e-13,
        0,
        -4.440892098500626e-14,
        3.410605131648481e-13,
        3.907985046680551e-13
      ],
      [
        -2.5579538487363607e-13,
        -2.3447910280083306e-13,
        -3.730349362740526e-14,
        -1.474376176702208e-13,
        6.394884621840902e-14,
        2.4868995751603507e-14,
        -3.907985046680551e-14,
        2.2382096176443156e-13,
        1.9539925233402755e-13,
        8.881784197001252e-14,
        1.1102230246251565e-13,
        9.592326932761353e-14,
        -1.9539925233402755e-14,
        6.750155989720952e-14
      ],
      [
        3.019806626980426e-14,
        3.552713678800501e-14,
        1.412203687323199e-13,
        -3.730349362740526e-14,
        7.771561172376096e-15,
        1.687538997430238e-14,
        9.769962616701378e-15,
        -2.842170943040401e-14,
        1.7141843500212417e-13,
        -2.4868995751603507e-14,
        -3.1086244689504383e-15,
        -6.217248937900877e-15,
        -2.255973186038318e-13,
        -2.1316282072803006e-13
      ],
      [
        2.4513724383723456e-13,
        8.704148513061227e-14,
        -4.1744385725905886e-14,
        3.885780586188048e-14,
        5.129230373768223e-14,
        -5.1514348342607263e-14,
        -6.572520305780927e-14,
        6.217248937900877e-14,
        -3.552713678800501e-15,
        8.881784197001252e-16,
        -6.061817714453355e-14,
        -2.1760371282653068e-13,
        -2.389199948993337e-13,
        -1.509903313490213e-14
      ],
      [
        3.552713678800501e-14,
        1.2434497875801753e-13,
        3.730349362740526e-14,
        -8.881784197001252e-16,
        -2.3092638912203256e-14,
        -5.5067062021407764e-14,
        -2.1316282072803006e-14,
        -6.394884621840902e-14,
        -4.618527782440651e-14,
        2.4868995751603507e-14,
        -3.6415315207705135e-14,
        5.329070518200751e-15,
        1.4921397450962104e-13,
        -6.039613253960852e-14
      ],
      [
        -7.815970093361102e-14,
        5.3290705182007514e-14,
        1.5987211554602254e-13,
        -3.4638958368304884e-14,
        -6.217248937900877e-15,
        0,
        -7.460698725481052e-14,
        -6.394884621840902e-14,
        3.197442310920451e-14,
        9.237055564881302e-14,
        -2.5757174171303632e-14,
        8.881784197001252e-15,
        6.750155989720952e-14,
        3.197442310920451e-14
      ],
      [
        1.7053025658242404e-13,
        2.2737367544323206e-13,
        -8.881784197001252e-14,
        3.907985046680551e-14,
        -3.730349362740526e-14,
        2.4868995751603507e-14,
        -8.526512829121202e-14,
        -7.105427357601002e-14,
        7.105427357601002e-14,
        -1.6342482922482304e-13,
        -9.592326932761353e-14,
        1.1368683772161603e-13,
        -1.4210854715202004e-14,
        -1.3500311979441904e-13
      ],
      [
        1.0658141036401503e-13,
        2.3803181647963356e-13,
        -1.4210854715202004e-13,
        -1.2789769243681803e-13,
        -2.4868995751603507e-14,
        6.039613253960852e-14,
        -9.237055564881302e-14,
        -1.9895196601282805e-13,
        3.197442310920451e-14,
        -1.7763568394002505e-14,
        -5.062616992290714e-14,
        1.1191048088221578e-13,
        9.947598300641403e-14,
        -5.684341886080802e-14
      ],
      [
        -6.394884621840902e-14,
        7.105427357601002e-14,
        4.973799150320701e-14,
        4.440892098500626e-14,
        -1.6076029396572267e-13,
        -7.105427357601002e-14,
        -5.684341886080802e-14,
        2.0250467969162855e-13,
        -1.7763568394002505e-14,
        -4.085620730620576e-14,
        8.970602038971265e-14,
        -1.1812772982011666e-13,
        3.730349362740526e-14,
        2.4868995751603507e-14
      ],
      [
        1.2434497875801753e-14,
        -3.9968028886505635e-14,
        -1.127986593019159e-13,
        -2.6423307986078726e-14,
        1.2745360322696797e-13,
        1.3322676295501878e-14,
        2.5757174171303632e-14,
        5.329070518200751e-15,
        8.881784197001252e-16,
        -4.884981308350689e-14,
        6.217248937900877e-14,
        1.0880185641326534e-14,
        -1.509903313490213e-14,
        -7.105427357601002e-14
      ],
      [
        2.3092638912203256e-14,
        2.5757174171303632e-14,
        -1.1191048088221578e-13,
        -2.9531932455029164e-14,
        2.3314683517128287e-13,
        -7.105427357601002e-15,
        2.220446049250313e-14,
        -9.769962616701378e-14,
        1.7763568394002505e-15,
        1.6076029396572267e-13,
        1.865174681370263e-14,
        -4.8183679268731794e-14,
        -1.758593271006248e-13,
        -5.5067062021407764e-14
      ],
      [
        -3.552713678800501e-14,
        -2.8066438062523957e-13,
        -2.842170943040401e-14,
        2.0516921495072893e-13,
        4.440892098500626e-14,
        -6.217248937900877e-14,
        1.0302869668521453e-13,
        1.6697754290362354e-13,
        -1.4921397450962104e-13,
        -5.5067062021407764e-14,
        6.661338147750939e-14,
        4.263256414560601e-14,
        4.085620730620576e-14,
        -7.105427357601002e-14
      ],
      [
        -1.9895196601282805e-13,
        -3.730349362740526e-13,
        -1.2079226507921703e-13,
        1.5720758028692217e-13,
        -9.237055564881302e-14,
        1.4566126083082054e-13,
        1.6697754290362354e-13,
        2.0605739337042905e-13,
        -3.197442310920451e-14,
        3.552713678800501e-15,
        8.704148513061227e-14,
        2.042810365310288e-14,
        4.618527782440651e-14,
        1.4210854715202004e-14
      ]
    ],
    "afterGlmDiv": [
      [
        17.24706823878507,
        15.539071545733954,
        10.75337115884416,
        3.8378337325027116,
        -3.837833732502732,
        -10.753371158844125,
        -15.539071545733897,
        -17.247068238785097,
        -15.539071545734014,
        -10.75337115884414,
        -3.837833732502677,
        3.837833732502749,
        10.753371158844129,
        15.539071545733897
      ],
      [
        10.7533711588442,
        9.688452639118367,
        6.704617253141148,
        2.392850193444887,
        -2.392850193444895,
        -6.704617253141169,
        -9.688452639118342,
        -10.753371158844125,
        -9.688452639118374,
        -6.704617253141205,
        -2.3928501934449002,
        2.392850193444887,
        6.704617253141176,
        9.68845263911836
      ],
      [
        -3.837833732502755,
        -3.4577687131706867,
        -2.392850193444879,
        -0.8539983465255441,
        0.8539983465255689,
        2.392850193444863,
        3.4577687131706547,
        3.837833732502748,
        3.4577687131707187,
        2.39285019344487,
        0.8539983465255299,
        -0.8539983465255547,
        -2.3928501934448576,
        -3.457768713170669
      ],
      [
        -15.539071545733977,
        -14.000219698814615,
        -9.688452639118326,
        -3.457768713170707,
        3.4577687131707036,
        9.68845263911836,
        14.000219698814607,
        15.539071545733929,
        14.000219698814622,
        9.688452639118363,
        3.457768713170693,
        -3.4577687131707022,
        -9.688452639118328,
        -14.000219698814623
      ],
      [
        -15.539071545733956,
        -14.000219698814622,
        -9.68845263911836,
        -3.4577687131707115,
        3.457768713170694,
        9.688452639118351,
        14.000219698814632,
        15.539071545734,
        14.000219698814634,
        9.688452639118339,
        3.4577687131707076,
        -3.457768713170681,
        -9.688452639118363,
        -14.000219698814648
      ],
      [
        -3.8378337325027303,
        -3.4577687131707044,
        -2.392850193444904,
        -0.8539983465255512,
        0.853998346525576,
        2.392850193444863,
        3.4577687131706796,
        3.837833732502773,
        3.4577687131707435,
        2.3928501934448683,
        0.8539983465255707,
        -0.8539983465255423,
        -2.392850193444941,
        -3.4577687131707044
      ],
      [
        10.75337115884415,
        9.68845263911832,
        6.70461725314116,
        2.3928501934449047,
        -2.392850193444886,
        -6.704617253141146,
        -9.68845263911835,
        -10.753371158844203,
        -9.68845263911835,
        -6.704617253141144,
        -2.3928501934448896,
        2.392850193444861,
        6.704617253141169,
        9.688452639118374
      ],
      [
        17.247068238785083,
        15.539071545733947,
        10.753371158844143,
        3.8378337325027374,
        -3.837833732502748,
        -10.753371158844152,
        -15.539071545733908,
        -17.247068238785076,
        -15.53907154573401,
        -10.753371158844153,
        -3.837833732502748,
        3.837833732502718,
        10.753371158844203,
        15.539071545733968
      ],
      [
        10.753371158844164,
        9.688452639118392,
        6.704617253141183,
        2.3928501934448825,
        -2.39285019344488,
        -6.704617253141178,
        -9.688452639118399,
        -10.753371158844157,
        -9.688452639118314,
        -6.70461725314118,
        -2.3928501934449136,
        2.3928501934449073,
        6.704617253141169,
        9.688452639118314
      ],
      [
        -3.837833732502787,
        -3.4577687131706867,
        -2.392850193444861,
        -0.8539983465255725,
        0.8539983465255521,
        2.3928501934449056,
        3.4577687131706867,
        3.837833732502677,
        3.4577687131707293,
        2.392850193444909,
        0.8539983465255725,
        -0.8539983465255547,
        -2.3928501934449233,
        -3.4577687131706973
      ],
      [
        -15.539071545733972,
        -14.000219698814641,
        -9.688452639118353,
        -3.457768713170708,
        3.4577687131706947,
        9.688452639118353,
        14.000219698814686,
        15.539071545733957,
        14.00021969881456,
        9.688452639118347,
        3.457768713170741,
        -3.4577687131707115,
        -9.688452639118351,
        -14.0002196988146
      ],
      [
        -15.539071545733886,
        -14.00021969881461,
        -9.68845263911841,
        -3.457768713170721,
        3.4577687131707444,
        9.688452639118335,
        14.000219698814593,
        15.539071545734018,
        14.000219698814627,
        9.68845263911835,
        3.4577687131707053,
        -3.4577687131707213,
        -9.688452639118339,
        -14.000219698814625
      ],
      [
        -3.837833732502716,
        -3.4577687131706973,
        -2.392850193444895,
        -0.8539983465255405,
        0.8539983465255458,
        2.3928501934448754,
        3.457768713170644,
        3.8378337325027694,
        3.4577687131707933,
        2.3928501934448843,
        0.8539983465254961,
        -0.8539983465255601,
        -2.3928501934448896,
        -3.4577687131706902
      ],
      [
        10.753371158844086,
        9.688452639118317,
        6.70461725314124,
        2.3928501934449375,
        -2.3928501934449455,
        -6.704617253141187,
        -9.68845263911831,
        -10.75337115884416,
        -9.688452639118335,
        -6.7046172531411905,
        -2.3928501934449065,
        2.3928501934449367,
        6.704617253141162,
        9.688452639118324
      ]
    ],
    "beforeNorm": 14.103454585100657,
    "afterExactNorm": 1.147354786301552e-13,
    "afterGlmNorm": 8.623534119392536,
    "glmHistory": [
      14.103454585100657,
      14.103454585100657,
      8.578248161934084,
      2.1959043632407558,
      15.791986300255774,
      27.847990877636946,
      33.11448518186604,
      27.207852697854502,
      8.623534119392536
    ],
    "exactImprovementFactor": 14103454585100.658,
    "glmImprovementFactor": 1.6354610986445706,
    "beforeGaugeNorm": 14.103454585100657,
    "afterExactGaugeNorm": 1.147354786301552e-13,
    "afterGlmGaugeNorm": 8.623534119392536
  },
  "continuous": {
    "kernelBasis": [
      [
        1,
        0,
        0
      ]
    ],
    "disturbanceBasis": [
      [
        0,
        1,
        0
      ],
      [
        0,
        0,
        1
      ]
    ],
    "protectedDrift": 0,
    "disturbanceBefore": 1.118033988749895,
    "disturbanceAfter": 0.2222818206191127,
    "disturbanceNorms": [
      1.118033988749895,
      1.1124554829418887,
      1.1069001888373604,
      1.101367935507621,
      1.0958585571277455,
      1.090371892818223,
      1.0849077864906245,
      1.0794660866972026,
      1.0740466464843417,
      1.0686493232497802,
      1.0632739786035197,
      1.0579204782323466,
      1.0525886917678864,
      1.0472784926581158,
      1.0419897580422544,
      1.0367223686289662,
      1.0314762085777933,
      1.0262511653837545,
      1.021047129765035,
      1.0158639955536983,
      1.010701659589355,
      1.0055600216157177,
      1.0004389841799781,
      0.9953384525349429,
      0.9902583345438607,
      0.9851985405878847,
      0.9801589834761014,
      0.9751395783580736,
      0.9701402426388327,
      0.9651608958962654,
      0.960201459800838,
      0.9552618580376023,
      0.9503420162304282,
      0.9454418618684107,
      0.9405613242343983,
      0.9357003343355914,
      0.9308588248361612,
      0.9260367299918391,
      0.9212339855864285,
      0.916450528870193,
      0.9116862985000725,
      0.9069412344816851,
      0.9022152781130665,
      0.8975083719301077,
      0.8928204596536456,
      0.8881514861381663,
      0.8835013973220808,
      0.878870140179531,
      0.8742576626736919,
      0.8696639137115257,
      0.8650888430999571,
      0.860532401503427,
